 Choose question 

 cycle:
 9671717 36863458        1 25658256 48958145 14085734 52454285 19434016 
 6576308 10907540 44254875  8413573  3114114        1 31880009 28821424 
 4321232 52849991 35994341 45443515 57700534 51435902        1 47551463 
 6421858        1 17582284 60306105 45908899 53222339 31100125  9491642 
       1 37788441 41268631 37776062 38435090  4991780 17404310 41197738 
29283346  3006977  4250001   742490  9110245 43213568 56513024        1 
49539130 50755252 10011108        1 60216642  8137193  8468274 49965476 
27993424 43062149 52445383 42271045        1 50024007 23614888 54990953 
 Choose question 
H~:
28030132 49082508 52996698 58098426 46765106 16385549 47336572 34469081 
47443911 19529426 17600426 17406150 58378326 36625146  7795990 17361690 
  784988 26889804 39304956 32250552 33657476  2220520 53855053 18318224 
34731128  2610610 56012861 35757492 53044773 31669384 28660316  9244334 
39817542 54924932 41715769 55539074 27884830 22094182 27240294 53203220 
51773636 39836850 35300746 16895773 28625246 60725982 59693256 25967822 
28681162 55091433 13005642 55396110 27634834 14530014 60977360 54857246 
18535854 21403540 55287788  1306966 52978956 44438755 35840088 28890462 

 Indexes G to H:
0 1 2 3 4 5 6 7 
6 3 2 0 5 1 4 7 
 Choose question 
H~:
 2929958 27413186 14816870 18873830 22447313  4372088 48056837 21732396 
60665920 20273826 59664735 38534404 40948000 44489824   313466 32913278 
59742058  3335012 15203816 47807950 52084172 38013252 25509914 15778381 
52669635  8413898 36538440  5015822 57330004 15566204 39092214 54720498 
 2351076 37941834 12566090  5442942  7911390 33705439 11218714  4852396 
52044046  8356467 33546185  7835358 44221800 39329170 24558934 59624656 
15774600 35797388 30761798 23762672 22210123  8011932 46744142 46617082 
37626570 43110068 37524128 45688305 12308268 46690060 44248908 28685732 

 Indexes G to H:
0 1 2 3 4 5 6 7 
7 5 2 0 4 3 1 6 
 Choose question 

 cycle:
40376479 38826291 45438332 24601178  1684627 29753283        1 59316664 
38105482 47090292 27785098 14144382        1 21741834 58737416 29503177 
 7187987 15568953 21950000 32469160 39590094        1   141879  8346853 
18849924 47792392        1 31082203 44031738 13673473 11494004  6409011 
       1 30106945 22149839 58248627 21817953 41730459 11968610  2342127 
53377359  1463576 48158527 41591606 54435994 28475214  6273775        1 
49451236 13957525 33633973        1 41739752 13242832 39249770 52606718 
54127686        1 43239613 50890864 43262165 52162316 30345855  5612409 
 Choose question 
